5
12
15
7
8
14
11
16
18
1
4
61
65
67
66
19
3
13
2
9
6
17
10
0
64
60
74
79
69
70
62
76
72
68
63
77
73
75
78
71
35
38
28
27
29
31
26
30
34
36
37
32
24
22
39
20
33
21
23
25
105
107
109
117
116
104
101
106
112
110
114
100
118
103
111
115
119
102
113
108
91
94
85
96
98
88
99
89
81
83
87
97
93
82
84
80
95
86
92
90
185
181
187
191
183
199
192
193
196
195
186
197
180
184
188
189
194
182
198
190
234
239
231
226
237
238
223
236
220
230
224
229
232
235
222
228
221
233
227
225
219
202
205
200
215
204
217
212
201
207
216
210
209
218
208
211
206
203
214
213
172
161
179
170
175
165
167
178
177
163
169
162
173
164
171
168
174
176
166
160
122
136
127
137
138
125
133
134
132
123
124
135
126
128
121
120
129
139
130
131
146
156
152
142
140
154
158
147
151
141
155
143
148
159
144
157
145
150
153
149
52
49
59
56
54
41
51
46
48
47
50
53
58
55
45
44
57
43
40
42
